{
  "nbformat": 4,
  "nbformat_minor": 0,
  "metadata": {
    "colab": {
      "name": "capstone 2",
      "provenance": [],
      "authorship_tag": "ABX9TyMciqyMXJVoU16YSgyoIO4P",
      "include_colab_link": true
    },
    "kernelspec": {
      "name": "python3",
      "display_name": "Python 3"
    },
    "language_info": {
      "name": "python"
    }
  },
  "cells": [
    {
      "cell_type": "markdown",
      "metadata": {
        "id": "view-in-github",
        "colab_type": "text"
      },
      "source": [
        "<a href=\"https://colab.research.google.com/github/mbrown-amc/DATA-606-Capstone-Project/blob/Branch1/capstone_2.ipynb\" target=\"_parent\"><img src=\"https://colab.research.google.com/assets/colab-badge.svg\" alt=\"Open In Colab\"/></a>"
      ]
    },
    {
      "cell_type": "code",
      "execution_count": 1,
      "metadata": {
        "id": "tTC7E8-V0VR6"
      },
      "outputs": [],
      "source": [
        ""
      ]
    },
    {
      "cell_type": "code",
      "source": [
        "import pandas as pd\n",
        "import os"
      ],
      "metadata": {
        "id": "T2ERfAviOLeg"
      },
      "execution_count": 2,
      "outputs": []
    },
    {
      "cell_type": "code",
      "execution_count": 3,
      "metadata": {
        "id": "18wRfcKTh94w",
        "colab": {
          "base_uri": "https://localhost:8080/"
        },
        "outputId": "f57680e9-12d8-4272-b37f-ed677d7f1c75"
      },
      "outputs": [
        {
          "output_type": "stream",
          "name": "stdout",
          "text": [
            "Cloning into 'DATA-606-Capstone-Project'...\n",
            "remote: Enumerating objects: 304, done.\u001b[K\n",
            "remote: Counting objects: 100% (304/304), done.\u001b[K\n",
            "remote: Compressing objects: 100% (296/296), done.\u001b[K\n",
            "remote: Total 304 (delta 210), reused 0 (delta 0), pack-reused 0\u001b[K\n",
            "Receiving objects: 100% (304/304), 2.14 MiB | 7.44 MiB/s, done.\n",
            "Resolving deltas: 100% (210/210), done.\n"
          ]
        }
      ],
      "source": [
        "!git clone https://github.com/mbrown-amc/DATA-606-Capstone-Project #Cloning the repository"
      ]
    },
    {
      "cell_type": "code",
      "source": [
        "import sys\n",
        "sys.path.append('/content/DATA-606-Capstone-Project/Notebooks')\n",
        "import utils\n",
        "alldata = utils.get_data()"
      ],
      "metadata": {
        "colab": {
          "base_uri": "https://localhost:8080/"
        },
        "id": "4m3tsrZ6rfpD",
        "outputId": "51c3ab27-33f6-47d6-e558-aa9e48c2206a"
      },
      "execution_count": 4,
      "outputs": [
        {
          "output_type": "stream",
          "name": "stderr",
          "text": [
            "/content/DATA-606-Capstone-Project/Notebooks/utils.py:91: FutureWarning: Indexing with multiple keys (implicitly converted to a tuple of keys) will be deprecated, use a list instead.\n",
            "  PosTestPoints = pd.DataFrame(TTestPoints.groupby([\"Team\", \"Year\"])[\"QB\", \"RB\", \"TE\", \"WR\"].sum())\n"
          ]
        }
      ]
    },
    {
      "cell_type": "code",
      "source": [
        "alldata[\"QB\"].sum()"
      ],
      "metadata": {
        "colab": {
          "base_uri": "https://localhost:8080/"
        },
        "id": "8mUgU9fEcUIT",
        "outputId": "b201b1fd-23c0-4f24-95cf-47ddbcb49614"
      },
      "execution_count": 5,
      "outputs": [
        {
          "output_type": "execute_result",
          "data": {
            "text/plain": [
              "292055.6"
            ]
          },
          "metadata": {},
          "execution_count": 5
        }
      ]
    },
    {
      "cell_type": "code",
      "source": [
        "alldata[\"RB\"].sum()"
      ],
      "metadata": {
        "colab": {
          "base_uri": "https://localhost:8080/"
        },
        "id": "pveDZQ2CcvA6",
        "outputId": "d1e4e19a-45fa-4251-d4da-9f41fdbb2834"
      },
      "execution_count": 6,
      "outputs": [
        {
          "output_type": "execute_result",
          "data": {
            "text/plain": [
              "559143.1"
            ]
          },
          "metadata": {},
          "execution_count": 6
        }
      ]
    },
    {
      "cell_type": "code",
      "source": [
        "alldata[\"WR\"].sum()"
      ],
      "metadata": {
        "colab": {
          "base_uri": "https://localhost:8080/"
        },
        "id": "ZYL8t0Rhcyoh",
        "outputId": "4e225dc8-b12f-48d2-a055-c4abccb4f760"
      },
      "execution_count": 7,
      "outputs": [
        {
          "output_type": "execute_result",
          "data": {
            "text/plain": [
              "639561.5800000001"
            ]
          },
          "metadata": {},
          "execution_count": 7
        }
      ]
    },
    {
      "cell_type": "code",
      "source": [
        "alldata[\"TE\"].sum()"
      ],
      "metadata": {
        "colab": {
          "base_uri": "https://localhost:8080/"
        },
        "id": "cNHeo6jic0UU",
        "outputId": "f6f1ddd9-b0a7-4f8c-9672-435e444a187d"
      },
      "execution_count": 8,
      "outputs": [
        {
          "output_type": "execute_result",
          "data": {
            "text/plain": [
              "203140.76"
            ]
          },
          "metadata": {},
          "execution_count": 8
        }
      ]
    },
    {
      "cell_type": "code",
      "source": [
        "alldata.corr()"
      ],
      "metadata": {
        "colab": {
          "base_uri": "https://localhost:8080/",
          "height": 551
        },
        "id": "EE6h_bbTBd89",
        "outputId": "68156c80-a95e-4596-c5d8-786e44110186"
      },
      "execution_count": 9,
      "outputs": [
        {
          "output_type": "execute_result",
          "data": {
            "text/plain": [
              "                     Year         W         L         T      W-L%         G  \\\n",
              "Year             1.000000  0.104329  0.104533 -0.220669  0.000494  0.498170   \n",
              "W                0.104329  1.000000 -0.917694 -0.103191  0.976144  0.197170   \n",
              "L                0.104533 -0.917694  1.000000 -0.062448 -0.975550  0.197556   \n",
              "T               -0.220669 -0.103191 -0.062448  1.000000 -0.024143 -0.186120   \n",
              "W-L%             0.000494  0.976144 -0.975550 -0.024143  1.000000  0.000514   \n",
              "G                0.498170  0.197170  0.197556 -0.186120  0.000514  1.000000   \n",
              "QB               0.592080  0.467715 -0.290544 -0.121175  0.384938  0.441274   \n",
              "RB              -0.096655  0.415107 -0.327673 -0.068338  0.379146  0.216558   \n",
              "TE               0.377349  0.176636 -0.082301 -0.067381  0.129149  0.233857   \n",
              "WR               0.624485  0.283013 -0.082658 -0.146533  0.186637  0.495337   \n",
              "FantasyPoints    0.599879  0.488676 -0.265287 -0.162221  0.383447  0.553473   \n",
              "FantasyPoints/G  0.509241  0.491038 -0.380351 -0.124645  0.445391  0.264313   \n",
              "QB/G             0.532914  0.462844 -0.352043 -0.096427  0.415970  0.271620   \n",
              "RB/G            -0.268897  0.352799 -0.404031 -0.008949  0.387721 -0.136218   \n",
              "TE/G             0.313271  0.148487 -0.114174 -0.043141  0.131863  0.080776   \n",
              "WR/G             0.581587  0.269642 -0.129080 -0.126716  0.204647  0.341819   \n",
              "\n",
              "                       QB        RB        TE        WR  FantasyPoints  \\\n",
              "Year             0.592080 -0.096655  0.377349  0.624485       0.599879   \n",
              "W                0.467715  0.415107  0.176636  0.283013       0.488676   \n",
              "L               -0.290544 -0.327673 -0.082301 -0.082658      -0.265287   \n",
              "T               -0.121175 -0.068338 -0.067381 -0.146533      -0.162221   \n",
              "W-L%             0.384938  0.379146  0.129149  0.186637       0.383447   \n",
              "G                0.441274  0.216558  0.233857  0.495337       0.553473   \n",
              "QB               1.000000  0.224118  0.451792  0.721945       0.900989   \n",
              "RB               0.224118  1.000000  0.090966 -0.045872       0.410124   \n",
              "TE               0.451792  0.090966  1.000000  0.112964       0.494977   \n",
              "WR               0.721945 -0.045872  0.112964  1.000000       0.803334   \n",
              "FantasyPoints    0.900989  0.410124  0.494977  0.803334       1.000000   \n",
              "FantasyPoints/G  0.873974  0.393994  0.483542  0.742088       0.947525   \n",
              "QB/G             0.981628  0.198340  0.436462  0.672676       0.853493   \n",
              "RB/G             0.073050  0.935147  0.010374 -0.217274       0.222684   \n",
              "TE/G             0.397153  0.058038  0.985676  0.044759       0.424222   \n",
              "WR/G             0.695793 -0.089267  0.080388  0.984434       0.762834   \n",
              "\n",
              "                 FantasyPoints/G      QB/G      RB/G      TE/G      WR/G  \n",
              "Year                    0.509241  0.532914 -0.268897  0.313271  0.581587  \n",
              "W                       0.491038  0.462844  0.352799  0.148487  0.269642  \n",
              "L                      -0.380351 -0.352043 -0.404031 -0.114174 -0.129080  \n",
              "T                      -0.124645 -0.096427 -0.008949 -0.043141 -0.126716  \n",
              "W-L%                    0.445391  0.415970  0.387721  0.131863  0.204647  \n",
              "G                       0.264313  0.271620 -0.136218  0.080776  0.341819  \n",
              "QB                      0.873974  0.981628  0.073050  0.397153  0.695793  \n",
              "RB                      0.393994  0.198340  0.935147  0.058038 -0.089267  \n",
              "TE                      0.483542  0.436462  0.010374  0.985676  0.080388  \n",
              "WR                      0.742088  0.672676 -0.217274  0.044759  0.984434  \n",
              "FantasyPoints           0.947525  0.853493  0.222684  0.424222  0.762834  \n",
              "FantasyPoints/G         1.000000  0.886263  0.312388  0.462097  0.755527  \n",
              "QB/G                    0.886263  1.000000  0.108652  0.410867  0.677539  \n",
              "RB/G                    0.312388  0.108652  1.000000  0.032037 -0.206112  \n",
              "TE/G                    0.462097  0.410867  0.032037  1.000000  0.037382  \n",
              "WR/G                    0.755527  0.677539 -0.206112  0.037382  1.000000  "
            ],
            "text/html": [
              "\n",
              "  <div id=\"df-4744d94a-03c0-48b8-9707-d296eaf9ce4d\">\n",
              "    <div class=\"colab-df-container\">\n",
              "      <div>\n",
              "<style scoped>\n",
              "    .dataframe tbody tr th:only-of-type {\n",
              "        vertical-align: middle;\n",
              "    }\n",
              "\n",
              "    .dataframe tbody tr th {\n",
              "        vertical-align: top;\n",
              "    }\n",
              "\n",
              "    .dataframe thead th {\n",
              "        text-align: right;\n",
              "    }\n",
              "</style>\n",
              "<table border=\"1\" class=\"dataframe\">\n",
              "  <thead>\n",
              "    <tr style=\"text-align: right;\">\n",
              "      <th></th>\n",
              "      <th>Year</th>\n",
              "      <th>W</th>\n",
              "      <th>L</th>\n",
              "      <th>T</th>\n",
              "      <th>W-L%</th>\n",
              "      <th>G</th>\n",
              "      <th>QB</th>\n",
              "      <th>RB</th>\n",
              "      <th>TE</th>\n",
              "      <th>WR</th>\n",
              "      <th>FantasyPoints</th>\n",
              "      <th>FantasyPoints/G</th>\n",
              "      <th>QB/G</th>\n",
              "      <th>RB/G</th>\n",
              "      <th>TE/G</th>\n",
              "      <th>WR/G</th>\n",
              "    </tr>\n",
              "  </thead>\n",
              "  <tbody>\n",
              "    <tr>\n",
              "      <th>Year</th>\n",
              "      <td>1.000000</td>\n",
              "      <td>0.104329</td>\n",
              "      <td>0.104533</td>\n",
              "      <td>-0.220669</td>\n",
              "      <td>0.000494</td>\n",
              "      <td>0.498170</td>\n",
              "      <td>0.592080</td>\n",
              "      <td>-0.096655</td>\n",
              "      <td>0.377349</td>\n",
              "      <td>0.624485</td>\n",
              "      <td>0.599879</td>\n",
              "      <td>0.509241</td>\n",
              "      <td>0.532914</td>\n",
              "      <td>-0.268897</td>\n",
              "      <td>0.313271</td>\n",
              "      <td>0.581587</td>\n",
              "    </tr>\n",
              "    <tr>\n",
              "      <th>W</th>\n",
              "      <td>0.104329</td>\n",
              "      <td>1.000000</td>\n",
              "      <td>-0.917694</td>\n",
              "      <td>-0.103191</td>\n",
              "      <td>0.976144</td>\n",
              "      <td>0.197170</td>\n",
              "      <td>0.467715</td>\n",
              "      <td>0.415107</td>\n",
              "      <td>0.176636</td>\n",
              "      <td>0.283013</td>\n",
              "      <td>0.488676</td>\n",
              "      <td>0.491038</td>\n",
              "      <td>0.462844</td>\n",
              "      <td>0.352799</td>\n",
              "      <td>0.148487</td>\n",
              "      <td>0.269642</td>\n",
              "    </tr>\n",
              "    <tr>\n",
              "      <th>L</th>\n",
              "      <td>0.104533</td>\n",
              "      <td>-0.917694</td>\n",
              "      <td>1.000000</td>\n",
              "      <td>-0.062448</td>\n",
              "      <td>-0.975550</td>\n",
              "      <td>0.197556</td>\n",
              "      <td>-0.290544</td>\n",
              "      <td>-0.327673</td>\n",
              "      <td>-0.082301</td>\n",
              "      <td>-0.082658</td>\n",
              "      <td>-0.265287</td>\n",
              "      <td>-0.380351</td>\n",
              "      <td>-0.352043</td>\n",
              "      <td>-0.404031</td>\n",
              "      <td>-0.114174</td>\n",
              "      <td>-0.129080</td>\n",
              "    </tr>\n",
              "    <tr>\n",
              "      <th>T</th>\n",
              "      <td>-0.220669</td>\n",
              "      <td>-0.103191</td>\n",
              "      <td>-0.062448</td>\n",
              "      <td>1.000000</td>\n",
              "      <td>-0.024143</td>\n",
              "      <td>-0.186120</td>\n",
              "      <td>-0.121175</td>\n",
              "      <td>-0.068338</td>\n",
              "      <td>-0.067381</td>\n",
              "      <td>-0.146533</td>\n",
              "      <td>-0.162221</td>\n",
              "      <td>-0.124645</td>\n",
              "      <td>-0.096427</td>\n",
              "      <td>-0.008949</td>\n",
              "      <td>-0.043141</td>\n",
              "      <td>-0.126716</td>\n",
              "    </tr>\n",
              "    <tr>\n",
              "      <th>W-L%</th>\n",
              "      <td>0.000494</td>\n",
              "      <td>0.976144</td>\n",
              "      <td>-0.975550</td>\n",
              "      <td>-0.024143</td>\n",
              "      <td>1.000000</td>\n",
              "      <td>0.000514</td>\n",
              "      <td>0.384938</td>\n",
              "      <td>0.379146</td>\n",
              "      <td>0.129149</td>\n",
              "      <td>0.186637</td>\n",
              "      <td>0.383447</td>\n",
              "      <td>0.445391</td>\n",
              "      <td>0.415970</td>\n",
              "      <td>0.387721</td>\n",
              "      <td>0.131863</td>\n",
              "      <td>0.204647</td>\n",
              "    </tr>\n",
              "    <tr>\n",
              "      <th>G</th>\n",
              "      <td>0.498170</td>\n",
              "      <td>0.197170</td>\n",
              "      <td>0.197556</td>\n",
              "      <td>-0.186120</td>\n",
              "      <td>0.000514</td>\n",
              "      <td>1.000000</td>\n",
              "      <td>0.441274</td>\n",
              "      <td>0.216558</td>\n",
              "      <td>0.233857</td>\n",
              "      <td>0.495337</td>\n",
              "      <td>0.553473</td>\n",
              "      <td>0.264313</td>\n",
              "      <td>0.271620</td>\n",
              "      <td>-0.136218</td>\n",
              "      <td>0.080776</td>\n",
              "      <td>0.341819</td>\n",
              "    </tr>\n",
              "    <tr>\n",
              "      <th>QB</th>\n",
              "      <td>0.592080</td>\n",
              "      <td>0.467715</td>\n",
              "      <td>-0.290544</td>\n",
              "      <td>-0.121175</td>\n",
              "      <td>0.384938</td>\n",
              "      <td>0.441274</td>\n",
              "      <td>1.000000</td>\n",
              "      <td>0.224118</td>\n",
              "      <td>0.451792</td>\n",
              "      <td>0.721945</td>\n",
              "      <td>0.900989</td>\n",
              "      <td>0.873974</td>\n",
              "      <td>0.981628</td>\n",
              "      <td>0.073050</td>\n",
              "      <td>0.397153</td>\n",
              "      <td>0.695793</td>\n",
              "    </tr>\n",
              "    <tr>\n",
              "      <th>RB</th>\n",
              "      <td>-0.096655</td>\n",
              "      <td>0.415107</td>\n",
              "      <td>-0.327673</td>\n",
              "      <td>-0.068338</td>\n",
              "      <td>0.379146</td>\n",
              "      <td>0.216558</td>\n",
              "      <td>0.224118</td>\n",
              "      <td>1.000000</td>\n",
              "      <td>0.090966</td>\n",
              "      <td>-0.045872</td>\n",
              "      <td>0.410124</td>\n",
              "      <td>0.393994</td>\n",
              "      <td>0.198340</td>\n",
              "      <td>0.935147</td>\n",
              "      <td>0.058038</td>\n",
              "      <td>-0.089267</td>\n",
              "    </tr>\n",
              "    <tr>\n",
              "      <th>TE</th>\n",
              "      <td>0.377349</td>\n",
              "      <td>0.176636</td>\n",
              "      <td>-0.082301</td>\n",
              "      <td>-0.067381</td>\n",
              "      <td>0.129149</td>\n",
              "      <td>0.233857</td>\n",
              "      <td>0.451792</td>\n",
              "      <td>0.090966</td>\n",
              "      <td>1.000000</td>\n",
              "      <td>0.112964</td>\n",
              "      <td>0.494977</td>\n",
              "      <td>0.483542</td>\n",
              "      <td>0.436462</td>\n",
              "      <td>0.010374</td>\n",
              "      <td>0.985676</td>\n",
              "      <td>0.080388</td>\n",
              "    </tr>\n",
              "    <tr>\n",
              "      <th>WR</th>\n",
              "      <td>0.624485</td>\n",
              "      <td>0.283013</td>\n",
              "      <td>-0.082658</td>\n",
              "      <td>-0.146533</td>\n",
              "      <td>0.186637</td>\n",
              "      <td>0.495337</td>\n",
              "      <td>0.721945</td>\n",
              "      <td>-0.045872</td>\n",
              "      <td>0.112964</td>\n",
              "      <td>1.000000</td>\n",
              "      <td>0.803334</td>\n",
              "      <td>0.742088</td>\n",
              "      <td>0.672676</td>\n",
              "      <td>-0.217274</td>\n",
              "      <td>0.044759</td>\n",
              "      <td>0.984434</td>\n",
              "    </tr>\n",
              "    <tr>\n",
              "      <th>FantasyPoints</th>\n",
              "      <td>0.599879</td>\n",
              "      <td>0.488676</td>\n",
              "      <td>-0.265287</td>\n",
              "      <td>-0.162221</td>\n",
              "      <td>0.383447</td>\n",
              "      <td>0.553473</td>\n",
              "      <td>0.900989</td>\n",
              "      <td>0.410124</td>\n",
              "      <td>0.494977</td>\n",
              "      <td>0.803334</td>\n",
              "      <td>1.000000</td>\n",
              "      <td>0.947525</td>\n",
              "      <td>0.853493</td>\n",
              "      <td>0.222684</td>\n",
              "      <td>0.424222</td>\n",
              "      <td>0.762834</td>\n",
              "    </tr>\n",
              "    <tr>\n",
              "      <th>FantasyPoints/G</th>\n",
              "      <td>0.509241</td>\n",
              "      <td>0.491038</td>\n",
              "      <td>-0.380351</td>\n",
              "      <td>-0.124645</td>\n",
              "      <td>0.445391</td>\n",
              "      <td>0.264313</td>\n",
              "      <td>0.873974</td>\n",
              "      <td>0.393994</td>\n",
              "      <td>0.483542</td>\n",
              "      <td>0.742088</td>\n",
              "      <td>0.947525</td>\n",
              "      <td>1.000000</td>\n",
              "      <td>0.886263</td>\n",
              "      <td>0.312388</td>\n",
              "      <td>0.462097</td>\n",
              "      <td>0.755527</td>\n",
              "    </tr>\n",
              "    <tr>\n",
              "      <th>QB/G</th>\n",
              "      <td>0.532914</td>\n",
              "      <td>0.462844</td>\n",
              "      <td>-0.352043</td>\n",
              "      <td>-0.096427</td>\n",
              "      <td>0.415970</td>\n",
              "      <td>0.271620</td>\n",
              "      <td>0.981628</td>\n",
              "      <td>0.198340</td>\n",
              "      <td>0.436462</td>\n",
              "      <td>0.672676</td>\n",
              "      <td>0.853493</td>\n",
              "      <td>0.886263</td>\n",
              "      <td>1.000000</td>\n",
              "      <td>0.108652</td>\n",
              "      <td>0.410867</td>\n",
              "      <td>0.677539</td>\n",
              "    </tr>\n",
              "    <tr>\n",
              "      <th>RB/G</th>\n",
              "      <td>-0.268897</td>\n",
              "      <td>0.352799</td>\n",
              "      <td>-0.404031</td>\n",
              "      <td>-0.008949</td>\n",
              "      <td>0.387721</td>\n",
              "      <td>-0.136218</td>\n",
              "      <td>0.073050</td>\n",
              "      <td>0.935147</td>\n",
              "      <td>0.010374</td>\n",
              "      <td>-0.217274</td>\n",
              "      <td>0.222684</td>\n",
              "      <td>0.312388</td>\n",
              "      <td>0.108652</td>\n",
              "      <td>1.000000</td>\n",
              "      <td>0.032037</td>\n",
              "      <td>-0.206112</td>\n",
              "    </tr>\n",
              "    <tr>\n",
              "      <th>TE/G</th>\n",
              "      <td>0.313271</td>\n",
              "      <td>0.148487</td>\n",
              "      <td>-0.114174</td>\n",
              "      <td>-0.043141</td>\n",
              "      <td>0.131863</td>\n",
              "      <td>0.080776</td>\n",
              "      <td>0.397153</td>\n",
              "      <td>0.058038</td>\n",
              "      <td>0.985676</td>\n",
              "      <td>0.044759</td>\n",
              "      <td>0.424222</td>\n",
              "      <td>0.462097</td>\n",
              "      <td>0.410867</td>\n",
              "      <td>0.032037</td>\n",
              "      <td>1.000000</td>\n",
              "      <td>0.037382</td>\n",
              "    </tr>\n",
              "    <tr>\n",
              "      <th>WR/G</th>\n",
              "      <td>0.581587</td>\n",
              "      <td>0.269642</td>\n",
              "      <td>-0.129080</td>\n",
              "      <td>-0.126716</td>\n",
              "      <td>0.204647</td>\n",
              "      <td>0.341819</td>\n",
              "      <td>0.695793</td>\n",
              "      <td>-0.089267</td>\n",
              "      <td>0.080388</td>\n",
              "      <td>0.984434</td>\n",
              "      <td>0.762834</td>\n",
              "      <td>0.755527</td>\n",
              "      <td>0.677539</td>\n",
              "      <td>-0.206112</td>\n",
              "      <td>0.037382</td>\n",
              "      <td>1.000000</td>\n",
              "    </tr>\n",
              "  </tbody>\n",
              "</table>\n",
              "</div>\n",
              "      <button class=\"colab-df-convert\" onclick=\"convertToInteractive('df-4744d94a-03c0-48b8-9707-d296eaf9ce4d')\"\n",
              "              title=\"Convert this dataframe to an interactive table.\"\n",
              "              style=\"display:none;\">\n",
              "        \n",
              "  <svg xmlns=\"http://www.w3.org/2000/svg\" height=\"24px\"viewBox=\"0 0 24 24\"\n",
              "       width=\"24px\">\n",
              "    <path d=\"M0 0h24v24H0V0z\" fill=\"none\"/>\n",
              "    <path d=\"M18.56 5.44l.94 2.06.94-2.06 2.06-.94-2.06-.94-.94-2.06-.94 2.06-2.06.94zm-11 1L8.5 8.5l.94-2.06 2.06-.94-2.06-.94L8.5 2.5l-.94 2.06-2.06.94zm10 10l.94 2.06.94-2.06 2.06-.94-2.06-.94-.94-2.06-.94 2.06-2.06.94z\"/><path d=\"M17.41 7.96l-1.37-1.37c-.4-.4-.92-.59-1.43-.59-.52 0-1.04.2-1.43.59L10.3 9.45l-7.72 7.72c-.78.78-.78 2.05 0 2.83L4 21.41c.39.39.9.59 1.41.59.51 0 1.02-.2 1.41-.59l7.78-7.78 2.81-2.81c.8-.78.8-2.07 0-2.86zM5.41 20L4 18.59l7.72-7.72 1.47 1.35L5.41 20z\"/>\n",
              "  </svg>\n",
              "      </button>\n",
              "      \n",
              "  <style>\n",
              "    .colab-df-container {\n",
              "      display:flex;\n",
              "      flex-wrap:wrap;\n",
              "      gap: 12px;\n",
              "    }\n",
              "\n",
              "    .colab-df-convert {\n",
              "      background-color: #E8F0FE;\n",
              "      border: none;\n",
              "      border-radius: 50%;\n",
              "      cursor: pointer;\n",
              "      display: none;\n",
              "      fill: #1967D2;\n",
              "      height: 32px;\n",
              "      padding: 0 0 0 0;\n",
              "      width: 32px;\n",
              "    }\n",
              "\n",
              "    .colab-df-convert:hover {\n",
              "      background-color: #E2EBFA;\n",
              "      box-shadow: 0px 1px 2px rgba(60, 64, 67, 0.3), 0px 1px 3px 1px rgba(60, 64, 67, 0.15);\n",
              "      fill: #174EA6;\n",
              "    }\n",
              "\n",
              "    [theme=dark] .colab-df-convert {\n",
              "      background-color: #3B4455;\n",
              "      fill: #D2E3FC;\n",
              "    }\n",
              "\n",
              "    [theme=dark] .colab-df-convert:hover {\n",
              "      background-color: #434B5C;\n",
              "      box-shadow: 0px 1px 3px 1px rgba(0, 0, 0, 0.15);\n",
              "      filter: drop-shadow(0px 1px 2px rgba(0, 0, 0, 0.3));\n",
              "      fill: #FFFFFF;\n",
              "    }\n",
              "  </style>\n",
              "\n",
              "      <script>\n",
              "        const buttonEl =\n",
              "          document.querySelector('#df-4744d94a-03c0-48b8-9707-d296eaf9ce4d button.colab-df-convert');\n",
              "        buttonEl.style.display =\n",
              "          google.colab.kernel.accessAllowed ? 'block' : 'none';\n",
              "\n",
              "        async function convertToInteractive(key) {\n",
              "          const element = document.querySelector('#df-4744d94a-03c0-48b8-9707-d296eaf9ce4d');\n",
              "          const dataTable =\n",
              "            await google.colab.kernel.invokeFunction('convertToInteractive',\n",
              "                                                     [key], {});\n",
              "          if (!dataTable) return;\n",
              "\n",
              "          const docLinkHtml = 'Like what you see? Visit the ' +\n",
              "            '<a target=\"_blank\" href=https://colab.research.google.com/notebooks/data_table.ipynb>data table notebook</a>'\n",
              "            + ' to learn more about interactive tables.';\n",
              "          element.innerHTML = '';\n",
              "          dataTable['output_type'] = 'display_data';\n",
              "          await google.colab.output.renderOutput(dataTable, element);\n",
              "          const docLink = document.createElement('div');\n",
              "          docLink.innerHTML = docLinkHtml;\n",
              "          element.appendChild(docLink);\n",
              "        }\n",
              "      </script>\n",
              "    </div>\n",
              "  </div>\n",
              "  "
            ]
          },
          "metadata": {},
          "execution_count": 9
        }
      ]
    },
    {
      "cell_type": "code",
      "source": [
        "alldata.plot.scatter(x='W-L%', y='FantasyPoints', title= \"Scatter plot between Win percentage (X) and total team fantasy points (Y)\")"
      ],
      "metadata": {
        "colab": {
          "base_uri": "https://localhost:8080/",
          "height": 313
        },
        "id": "BzdNtiQ6_hiZ",
        "outputId": "010d16e9-cf85-4520-9304-6d35d402dc0e"
      },
      "execution_count": 10,
      "outputs": [
        {
          "output_type": "execute_result",
          "data": {
            "text/plain": [
              "<matplotlib.axes._subplots.AxesSubplot at 0x7f6544a88d90>"
            ]
          },
          "metadata": {},
          "execution_count": 10
        },
        {
          "output_type": "display_data",
          "data": {
            "text/plain": [
              "<Figure size 432x288 with 1 Axes>"
            ],
